v0 [0.,0.]
v1 [0.,-50.]
v2 [0., -200.]
v3 [0., -250.]
v4 [0, -450.]
v5 [50.,0.]
v6 [150., 0.]
v7 [150., -100.]
v8 [ 150., -200.]
v9 [ 150., -250]
v10 [150., -450.]
v11 [200., 0.]
v12 [200., -150.]
v13 [ 200., -200.]
v14 [ 200., -250.]
v15 [ 200., -450.]
v16 [250., -200.]
v17 [ 400., -450.]
v18 [ 450.,0.]
v19 [ 450., -200.]
v20 [ 450., -250.]
v21 [ 450., -450.]

f0 [5,7,6]
f1 [0,1,8,7,5]
f2 [1,2,8]
f3 [2,3,9,8]
f4 [3,4,10,9]
f5 [6,7,12,11]
f6 [ 7,8,13,12]
f7 [8,14,13]
f8 [8,9,14]
f9 [9,10,15,14]
f10 [11,12,16,19,18]
f11 [12,13,16]
f12 [13,14,16]
f13 [16,14,20,19]
f14 [14,17,21,20]
f15 [14,15, 17]

e0 [1,8] [1,2]
e1 [2,8] [2,3]
e2 [3,9] [3,4]
e3 [5,7] [1,0]
e4 [6,7] [0,5]
e5 [7,8] [1,6]
e6 [8,9] [3,8]
e7 [9,10] [4,9]
e8 [7,12] [5,6]
e9 [8,13] [6,7]
e10 [8,14] [7,8]
e11 [9,14] [8,9]
e12 [11,12] [5,10]
e13 [12,13] [6,11]
e14 [13,16] [11,12]
e15 [13,14] [7,12]
e16 [14,15] [9,15]
e17 [12,16] [11,10]
e18 [14,16] [ 12,13]
e19 [16,19] [10,13]
e20 [14,20][13,14]
e21 [14,17][14,15]



