v0 [0.,0.]
v1 [0., -20.]
v2 [0., -40.]
v3 [15.,-50.]
v4 [20.,-30.]
v5 [25., -10.]
v6 [35.,0]
v7 [40., -20.]
v8 [45., -40.]
v9 [55., -50]
v10 [60.,-30.]
v11 [65., -10.]
v12 [75., 0.]
v13 [80., -20.]
v14 [85., -40]
v15 [95, -50.]
v16 [100,-30.]
v17 [105, -10.] 
v18 [115,0.]
v19 [120, -20.]
v20 [125., -40.]
v21 [135., -50.] 
v22 [140, -30.]
v23 [145., -10.]

f0 [0,1,4,5]
f1 [1,2,3,4]
f2  [5,4,7,6]
f3 [4,3,8,7]
f4 [6,7,10,11]
f5 [7,8,9,10]
f6 [11,10,13,12]
f7 [10,9,14,13]
f8 [12,13,16,17]
f9 [13,14,15,16]
f10 [17,16,19,18]
f11 [16,15,20,19]
f12 [18,19,22,23]
f13 [19,20,21,22]

e0 [1,4] [0,1]
e1 [5,4] [0,2]
e2 [3,4] [1,3]
e3 [4,7] [2,3]
e4 [6,7] [2,4]
e5 [7,8] [3,5]
e6 [7,10] [4,5]
e7 [11,10] [4,6]
e8 [10,9] [5,7]
e9 [10,13] [6,7]
e10 [12,13] [6,8]
e11 [13,14] [7,9]
e12 [13,16] [8,9]
e13 [17,16] [8,10]
e14 [16,15] [9,11]
e15 [16,19] [10,11]
e16 [18,19] [10,12]
e17 [19,20] [11,13]
e18 [19,22] [12,13]



