v0 [0.,0.]
v1 [0.,-40]
v2 [0.,-80.]
v3 [0., -120.]
v4 [0., -160.]
v5 [5.0, -20]
v6 [5.0, -60]
v7 [5.0, -100]
v8 [5.0, -140]
v9 [20., 0]
v10 [20.,-40.]
v11 [20.,-80]
v12 [20., -120.]
v13 [20., -160.]
v14 [25.0, -20]
v15 [25.0, -60]
v16 [25.0, -100]
v17 [25.0, -140]
v18 [40., 0]
v19 [40.,-40.]
v20 [40.,-80]
v21 [40., -120.]
v22 [40., -160.]
v23 [45.0, -20]
v24 [45.0, -60]
v25 [45.0, -100]
v26 [45.0, -140]
v27 [60., 0]
v28 [60.,-40.]
v29 [60.,-80]
v30 [60., -120.]
v31 [60., -160.]
v32 [65.0, -20]
v33 [65.0, -60]
v34 [65.0, -100]
v35 [65.0, -140]
v36 [80., 0]
v37 [80.,-40.]
v38 [80.,-80]
v39 [80., -120.]
v40 [80., -160.]
v41 [85.0, -20]
v42 [85.0, -60]
v43 [85.0, -100]
v44 [85.0, -140]
v45 [100., 0]
v46 [100.,-40.]
v47 [100.,-80]
v48 [100., -120.]
v49 [100., -160.]
v50 [105.0, -20]
v51 [105.0, -60]
v52 [105.0, -100]
v53 [105.0, -140]
v54 [120., 0]
v55 [120.,-40.]
v56 [120.,-80]
v57 [120., -120.]
v58 [120., -160.]
v59 [125.0, -20]
v60 [125.0, -60]
v61 [125.0, -100]
v62 [125.0, -140]
v63 [140., 0]
v64 [140.,-40.]
v65 [140.,-80]
v66 [140., -120.]
v67 [140., -160.]
v68 [145.0, -20]
v69 [145.0, -60]
v70 [145.0, -100]
v71 [145.0, -140]
v72 [160., 0]
v73 [160.,-40.]
v74 [160.,-80]
v75 [160., -120.]
v76 [160., -160.]
v77 [165.0, -20]
v78 [165.0, -60]
v79 [165.0, -100]
v80 [165.0, -140]

f0 [0,5,14,9]
f1 [5,1,10,14]
f2 [1,6,15,10]
f3 [6,2,11,15]
f4 [2,7,16,11]
f5 [7,3,12,16]
f6 [3,8,17,12]
f7 [8,4,13,17]
f8 [9,14,23,18]
f9 [14,10,19,23]
f10 [10,15,24,19]
f11 [15,11,20,24]
f12 [11,16,25,20]
f13 [16,12,21,25]
f14 [12,17,26,21]
f15 [17,13,22,26]
f16 [18,23,32,27]
f17 [23,19,28,32]
f18 [19,24,33,28]
f19 [24,20,29,33]
f20 [20,25,34,29]
f21 [25,21,30,34]
f22 [21,26,35,30]
f23 [26,22,31,35]
f24 [27,32,41,36]
f25 [32,28,37,41]
f26 [28,33,42,37]
f27 [33,29,38,42]
f28 [29,34,43,38]
f29 [34,30,39,43]
f30 [30,35,44,39]
f31 [35,31,40,44]
f32 [36,41,50,45]
f33 [41,37,46,50]
f34 [37,42,51,46]
f35 [42,38,47,51]
f36 [38,43,52,47]
f37 [43,39,48,52]
f38 [39,44,53,48]
f39 [44,40,49,53]
f40 [45,50,59,54]
f41 [50,46,55,59]
f42 [46,51,60,55]
f43 [51,47,56,60]
f44 [47,52,61,56]
f45 [52,48,57,61]
f46 [48,53,62,57]
f47 [53,49,58,62]

e0 [5,14] [0,1]
e1 [1,10] [1,2]
e2 [6,15] [2,3]
e3 [2,11] [3,4]
e4 [7,16] [4,5]
e5 [3,12] [5,6]
e6 [8,17] [6,7]
e7 [9,14] [0,8]
e8 [14,10] [1,9]
e9 [10,15] [2,10]
e10 [15,11] [3,11]
e11 [11,16] [4,12]
e12 [16,12] [5,13]
e13 [12,17] [6,14]
e14 [17,13] [7,15]
e15 [14,23] [8,9]
e16 [10,19] [9,10]
e17 [15,24] [10,11]
e18 [11,20] [11,12]
e19 [16,25] [12,13]
e20 [12,21] [13,14]
e21 [17,26] [14,15]
e22 [18,23] [8,16]
e23 [23,19] [9,17]
e24 [19,24] [10,18]
e25 [24,20] [11,19]
e26 [20,25] [12,20]
e27 [25,21] [13,21]
e28 [21,26] [14,22]
e29 [26,22] [15,23]
e30 [23,32] [16,17]
e31 [19,28] [17,18]
e32 [24,33] [18,19]
e33 [20,29] [19,20]
e34 [25,34] [20,21]
e35 [21,30] [21,22]
e36 [26,35] [22,23]
e37 [27,32] [16,24]
e38 [32,28] [17,25]
e39 [28,33] [18,26]
e40 [33,29] [19,27]
e41 [29,34] [20,28]
e42 [34,30] [21,29]
e43 [30,35] [22,30]
e44 [35,31] [23,31]
e45 [32,41] [24,25]
e46 [28,37] [25,26]
e47 [33,42] [26,27]
e48 [29,38] [27,28]
e49 [34,43] [28,29]
e50 [30,39] [29,30]
e51 [35,44] [30,31]
e52 [36,41] [24,32]
e53 [41,37] [25,33]
e54 [37,42] [26,34]
e55 [42,38] [27,35]
e56 [38,43] [28,36]
e57 [43,39] [29,37]
e58 [39,44] [30,38]
e59 [44,40] [31,39]
e60 [41,50] [32,33]
e61 [37,46] [33,34]
e62 [42,51] [34,35]
e63 [38,47] [35,36]
e64 [43,52] [36,37]
e65 [39,48] [37,38]
e66 [44,53] [38,39]
e67 [45,50] [32,40]
e68 [50,46] [33,41]
e69 [46,51] [34,42]
e70 [51,47] [35,43]
e71 [47,52] [36,44]
e72 [52,48] [37,45]
e73 [48,53] [38,46]
e74 [53,49] [39,47]
e75 [50,59] [40,41]
e76 [46,55] [41,42]
e77 [51,60] [42,43]
e78 [47,56] [43,44]
e79 [52,61] [44,45]
e80 [48,57] [45,46]
e81 [53,62] [46,47]

































